nan
x <- 1 / 0
x

